0401ED 0.546875 0.400391 0.359375 0.683594
0401ES 0.548828 0.423828 0.328125 0.738281
0402ED 0.537109 0.535156 0.457031 0.902344
0402ES 0.511719 0.515625 0.382812 0.851562
0403ED 0.552734 0.545898 0.605469 0.892578
0403ES 0.538086 0.548828 0.521484 0.894531
0404ED 0.535156 0.511719 0.398438 0.882812
0404ES 0.52832 0.505859 0.373047 0.871094
0405ED 0.573242 0.473633 0.423828 0.728516
0405ES 0.56543 0.467773 0.392578 0.740234
0406ED 0.511719 0.480469 0.46875 0.78125
0406ES 0.505859 0.489258 0.386719 0.779297
0407ED 0.552734 0.444336 0.472656 0.748047
0407ES 0.525391 0.435547 0.390625 0.742188
0408ED 0.49707 0.53125 0.412109 0.804688
0408ES 0.493164 0.511719 0.365234 0.773438
0409ED 0.466797 0.558594 0.378906 0.851562
0409ES 0.474609 0.542969 0.324219 0.820312
0410ED 0.553711 0.472656 0.478516 0.777344
0410ES 0.573242 0.459961 0.447266 0.759766
0411ED 0.446289 0.522461 0.439453 0.837891
0411ES 0.466797 0.510742 0.398438 0.837891
0412ED 0.491211 0.573242 0.494141 0.849609
0412ES 0.489258 0.5625 0.427734 0.867188
0413ED 0.551758 0.560547 0.564453 0.867188
0413ES 0.514648 0.561523 0.490234 0.873047
0414ED 0.501953 0.488281 0.472656 0.855469
0414ES 0.49707 0.483398 0.423828 0.849609
0415ED 0.524414 0.555664 0.517578 0.884766
0415ES 0.500977 0.553711 0.478516 0.884766
0416ED 0.478516 0.551758 0.570312 0.888672
0416ES 0.487305 0.551758 0.498047 0.888672
0417ED 0.504883 0.569336 0.513672 0.857422
0417ES 0.505859 0.566406 0.464844 0.867188
0418ED 0.458008 0.574219 0.439453 0.84375
0418ES 0.432617 0.579102 0.435547 0.841797
0419ED 0.522461 0.548828 0.548828 0.902344
0419ES 0.516602 0.550781 0.505859 0.898438
0420ED 0.500977 0.631836 0.548828 0.736328
0420ES 0.488281 0.62793 0.515625 0.740234
0421ED 0.541016 0.462891 0.417969 0.730469
0421ES 0.545898 0.457031 0.357422 0.710938
0422ED 0.512695 0.568359 0.599609 0.855469
0422ES 0.482422 0.55957 0.53125 0.880859
0423ED 0.515625 0.484375 0.359375 0.734375
0423ES 0.508789 0.483398 0.302734 0.736328
0424ED 0.570312 0.541016 0.5 0.910156
0424ES 0.548828 0.541992 0.441406 0.908203
0425ED 0.522461 0.493164 0.412109 0.740234
0425ES 0.524414 0.496094 0.388672 0.75
0426ED 0.451172 0.481445 0.347656 0.724609
0426ES 0.462891 0.485352 0.316406 0.724609
0427ED 0.485352 0.501953 0.400391 0.714844
0427ES 0.480469 0.520508 0.359375 0.720703
0428ED 0.489258 0.5 0.392578 0.757812
0428ES 0.49707 0.501953 0.341797 0.757812
0429ED 0.503906 0.546875 0.46875 0.898438
0429ES 0.481445 0.545898 0.404297 0.904297
0430ED 0.474609 0.516602 0.402344 0.794922
0430ES 0.479492 0.513672 0.400391 0.789062
0431ED 0.544922 0.53125 0.480469 0.742188
0431ES 0.547852 0.525391 0.412109 0.738281
0432ED 0.546875 0.602539 0.523438 0.794922
0432ES 0.546875 0.607422 0.460938 0.785156
0433ED 0.586914 0.526367 0.400391 0.771484
0433ES 0.608398 0.521484 0.369141 0.757812
0434ED 0.560547 0.512695 0.558594 0.794922
0434ES 0.554688 0.516602 0.457031 0.787109
0435ED 0.47168 0.538086 0.439453 0.798828
0435ES 0.466797 0.587891 0.292969 0.765625
0436ED 0.539062 0.540039 0.453125 0.841797
0436ES 0.519531 0.556641 0.453125 0.863281
0437ED 0.523438 0.608398 0.613281 0.779297
0437ES 0.546875 0.613281 0.539062 0.773438
0438ED 0.585938 0.5625 0.523438 0.835938
0438ES 0.578125 0.548828 0.457031 0.847656
0439ED 0.50293 0.397461 0.392578 0.634766
0439ES 0.491211 0.438477 0.369141 0.720703
0440ED 0.574219 0.605469 0.609375 0.785156
0440ES 0.59082 0.601562 0.572266 0.789062
0441ED 0.606445 0.498047 0.533203 0.773438
0441ES 0.597656 0.494141 0.484375 0.753906
0442ED 0.55957 0.492188 0.419922 0.773438
0442ES 0.552734 0.493164 0.367188 0.771484
0443ED 0.492188 0.571289 0.5625 0.857422
0443ES 0.487305 0.570312 0.537109 0.855469
0444ED 0.542969 0.576172 0.710938 0.835938
0444ES 0.533203 0.582031 0.621094 0.828125
0445ED 0.444336 0.496094 0.369141 0.78125
0445ES 0.423828 0.544922 0.285156 0.746094
0446ED 0.506836 0.569336 0.447266 0.837891
0446ES 0.490234 0.55957 0.425781 0.806641
0447ED 0.517578 0.582031 0.613281 0.828125
0447ES 0.493164 0.579102 0.583984 0.833984
0448ED 0.498047 0.553711 0.527344 0.892578
0448ES 0.486328 0.55957 0.441406 0.876953
0449ED 0.413086 0.549805 0.482422 0.841797
0449ES 0.388672 0.533203 0.425781 0.816406
0450ED 0.549805 0.46582 0.400391 0.826172
0450ES 0.547852 0.470703 0.384766 0.835938
